within AixLib.DataBase.ThermalZones.SwimmingFacility;
record Showers "Swimming facility - Showers and other sanitary areas"
   extends AixLib.DataBase.ThermalZones.ZoneBaseRecord(
    T_start = 301.15,
    withAirCap = true,
    VAir = 819.0,
    AZone = 252.0,
    hRad = 5.0,
    lat = 0.88645272708792,
    nOrientations = 4,
    AWin = {0.001, 0.001, 0.001, 0.001},
    ATransparent = {0.001, 0.001, 0.001, 0.001},
    hConWin = 2.7,
    RWin = 270.27027027027026,
    gWin = 0.67,
    UWin= 0.7993916878977319,
    ratioWinConRad = 0.03,
    AExt = {0.001, 0.001, 0.001, 0.001},
    hConExt = 2.7,
    nExt = 1,
    RExt = {10.664752311364285},
    RExtRem = 1024.4504550619076,
    CExt = {1626.642854262106},
    AInt = 388.375,
    hConInt = 2.7,
    nInt = 1,
    RInt = {0.0005129501758246443},
    CInt = {49879152.97277226},
    AFloor = 252.0,
    hConFloor = 1.7000000000000002,
    nFloor = 1,
    RFloor = {0.00026008032334373784},
    RFloorRem =  0.010157012293928715,
    CFloor = {130396338.07559462},
    ARoof = 252.0,
    hConRoof = 1.7000000000000002,
    nRoof = 1,
   RRoof = {0.00011427916759176477},
    RRoofRem = 0.025460484626814887,
    CRoof = {7552287.061573154},
    nOrientationsRoof = 1,
    tiltRoof = {0.0},
    aziRoof = {0.0},
    wfRoof = {1.0},
    aRoof = 0.5,
    aExt = 0.5,
    nIze=1,
    AIze={0.0},
    hConIze={0.0},
    nIzeRC=1,
    RIze={{0.00001}},
    RIzeRem={0.00001},
    CIze={{0.00001}},
    othZoneInd={1},
    zoneInd=1,
    TSoil=286.15,
    TSoiDatSou=AixLib.BoundaryConditions.GroundTemperature.DataSource.Constant,
    TSoiOffTim=0,
    TSoiAmp=0.0,
    TSoiFil="NoName",
    hConWallOut = 20.0,
    hRadWall = 5.0,
    hConWinOut = 20.0,
    hConRoofOut = 20.000000000000007,
    hRadRoof = 5.0,
    tiltExtWalls = {1.5707963267948966, 1.5707963267948966, 1.5707963267948966, 1.5707963267948966},
    aziExtWalls = {0.0, 1.5707963267948966, -1.5707963267948966, 3.141592653589793},
    wfWall = {0.25, 0.25, 0.25, 0.25},
    wfWin = {0.25, 0.25, 0.25, 0.25},
    wfGro = 0.0,
    specificPeople = 0.0,
    internalGainsMoistureNoPeople = 10,
    fixedHeatFlowRatePersons = 70,
    activityDegree = 1.2,
    ratioConvectiveHeatPeople = 0.5,
    internalGainsMachinesSpecific = 0.0,
    ratioConvectiveHeatMachines = 0.75,
    lightingPowerSpecific = 11.1,
    ratioConvectiveHeatLighting = 0.9,
    useConstantACHrate = true,
    baseACH = 0.5,
    maxUserACH = 1.0,
    maxOverheatingACH = {3.0, 2.0},
    maxSummerACH = {1.0, 283.15, 290.15},
    winterReduction = {0.2, 273.15, 283.15},
    maxIrr = {100.0, 100.0, 100.0, 100.0},
    shadingFactor = {1.0, 1.0, 1.0, 1.0},
    withAHU = true,
    minAHU = 0.0,
    maxAHU = 8.0,
    hHeat = 100000.0,
    lHeat = 0,
    KRHeat = 10000,
    TNHeat = 300,
    HeaterOn = false,
    hCool = 0,
    lCool = -100000.0,
    KRCool = 10000,
    TNCool = 1,
    heaLoadFacOut=0,
    heaLoadFacGrd=0,
    CoolerOn = false,
    withIdealThresholds = false,
    TThresholdHeater = 288.15,
    TThresholdCooler = 295.15);
  annotation (Icon(coordinateSystem(preserveAspectRatio=false)), Diagram(
        coordinateSystem(preserveAspectRatio=false)));
end Showers;
