last-generated=2015-05-29
statistics-simulation={'numerical Jacobians': '0', 'nonlinear': '3', 'number of continuous time states': '3', 'linear': ' '}
simulationTemp=[293.149993896484375, 301.45482177734373863132, 299.48388671875, 303.73087768554688636868, 307.25509033203127273737, 306.52587890625, 311.65678710937498863132, 308.61943969726564773737, 311.91509399414064773737, 314.58277587890626136868, 313.091064453125, 317.53701171875002273737, 313.885009765625, 316.63236694335938636868, 318.80633544921875, 316.875152587890625, 320.92628784179686363132, 316.92000122070311363132, 319.35130615234373863132, 321.24072875976560226263, 319.05621337890625, 322.87980957031248863132, 318.66933593750002273737, 320.91845092773439773737, 322.64384765624998863132, 320.3133544921875, 324.00577392578122726263, 319.67760620117189773737, 321.82172851562501136868, 323.452606201171875, 321.037933349609375, 324.654754638671875, 320.25876464843747726263, 322.342376708984375, 323.91875610351564773737, 321.45556640625, 325.02883300781252273737, 320.59372558593747726263, 322.6424560546875, 324.18742675781248863132, 321.6962890625, 325.24443969726564773737, 320.78679809570314773737, 322.81541137695313636868, 324.34229125976560226263, 321.835052490234375, 325.36872558593751136868, 320.89808349609376136868, 322.91511230468751136868, 324.431549072265625, 321.915008544921875, 325.44034423828122726263, 320.96221313476564773737, 322.97257690429688636868, 324.48300781249997726263, 321.96112060546875, 325.48163452148440910605, 320.99919433593754547474, 323.00570068359377273737, 324.51264648437501136868, 321.9876708984375, 325.50542602539064773737, 321.02049560546873863132, 323.02477416992189773737, 324.52974243164061363132, 322.00299072265625, 325.51914062499997726263, 321.03278198242185226263, 323.03577880859370452526, 324.53960571289059089395, 322.011810302734375, 325.52705078125001136868, 321.03984985351564773737, 323.04213867187502273737, 324.54527587890623863132, 322.01690673828125, 325.53159790039063636868, 321.04393920898439773737, 323.04579467773436363132, 324.54854125976561363132, 322.01983642578125, 325.53422851562498863132, 321.046295166015625, 323.04790039062498863132, 324.550445556640625, 322.021514892578125, 325.535736083984375, 321.047637939453125, 323.04912109374998863132, 324.551513671875, 322.022491455078125, 325.53660888671873863132, 321.048431396484375, 323.04979248046873863132, 324.552154541015625, 322.0230712890625, 325.53712768554686363132, 321.04886474609372726263, 323.05021362304688636868, 324.55250244140626136868, 322.02337646484375]
time=[0., 5184000.]
