last-generated=2015-05-29
statistics-simulation={'numerical Jacobians': '0', 'nonlinear': '3', 'number of continuous time states': '3', 'linear': ' '}
simulationTemp=[293.149993896484375, 298.83106079101560226263, 295.72361450195313636868, 299.4837646484375, 300.5106201171875, 299.137664794921875, 302.79094238281248863132, 298.91078491210936363132, 302.33190307617189773737, 303.21934814453123863132, 301.3494873046875, 304.92316284179685226263, 300.62876586914063636868, 303.86729736328123863132, 304.67957763671876136868, 302.5418701171875, 306.072601318359375, 301.55491333007813636868, 304.69499511718748863132, 305.46673583984375, 303.18463134765625, 306.69224853515623863132, 302.05418090820313636868, 305.14118041992185226263, 305.89109497070313636868, 303.531158447265625, 307.02628173828122726263, 302.32332153320311363132, 305.38171386718744315658, 306.11984863281247726263, 303.71795654296875, 307.20635375976564773737, 302.468414306640625, 305.51139526367188636868, 306.24317626953126136868, 303.818634033203125, 307.30342407226561363132, 302.54662475585939773737, 305.581298828125, 306.30964355468751136868, 303.8729248046875, 307.35576782226564773737, 302.58879394531248863132, 305.61897583007811363132, 306.34547729492186363132, 303.902191162109375, 307.38397216796875, 302.61151733398435226263, 305.63929443359376136868, 306.36481323242185226263, 303.91796875, 307.39916381835939773737, 302.62377319335939773737, 305.65023193359377273737, 306.37522583007813636868, 303.926483154296875, 307.407379150390625, 302.63037719726560226263, 305.65613403320310226263, 306.38085327148439773737, 303.931060791015625, 307.41179199218748863132, 302.63392944335936363132, 305.659332275390625, 306.38385620117185226263, 303.93353271484375, 307.41417236328123863132, 302.63585205078123863132, 305.66104125976556815658, 306.38550415039060226263, 303.93487548828125, 307.41545410156248863132, 302.63688964843748863132, 305.661956787109375, 306.38638916015622726263, 303.935577392578125, 307.41614379882810226263, 302.63744506835939773737, 305.66246948242189773737, 306.38684692382810226263, 303.93597412109375, 307.41652221679686363132, 302.63775024414064773737, 305.6627197265625, 306.38710327148436363132, 303.936187744140625, 307.41672363281247726263, 302.63790283203127273737, 305.66286621093752273737, 306.38724365234372726263, 303.936279296875, 307.41684570312497726263, 302.63799438476564773737, 305.66295776367189773737, 306.38731689453123863132, 303.93634033203125, 307.41688842773436363132, 302.638031005859375, 305.66298828125002273737, 306.38736572265622726263, 303.936370849609375]
time=[0., 5184000.]
