last-generated=2015-05-29
statistics-simulation={'numerical Jacobians': '0', 'nonlinear': '3', 'number of continuous time states': '3', 'linear': ' '}
simulationTemp=[293.149993896484375, 299.67987060546875, 298.38430175781252273737, 301.77858886718752273737, 303.93293457031251136868, 303.603759765625, 307.14281005859373863132, 305.01625366210936363132, 307.67794189453127273737, 309.18193969726564773737, 308.2738037109375, 311.297760009765625, 308.71327514648436363132, 310.96735229492185226263, 312.10870361328125, 310.87786865234375, 313.61473388671873863132, 310.77482299804688636868, 312.80157470703125, 313.74072265625, 312.3299560546875, 314.90673217773439773737, 311.92437133789064773737, 313.82439575195314773737, 314.65078125000002273737, 313.1396484375, 315.627166748046875, 312.56539306640627273737, 314.39473266601561363132, 315.15822753906252273737, 313.591156005859375, 316.02891845703123863132, 312.92284545898439773737, 314.71276245117189773737, 315.44119873046878410605, 313.84295654296875, 316.25291748046873863132, 313.12214965820311363132, 314.89011230468747726263, 315.59898681640623863132, 313.98333740234375, 316.37785034179688636868, 313.23328857421876136868, 314.98900756835939773737, 315.68698730468747726263, 314.061614990234375, 316.44750366210939773737, 313.29527587890623863132, 315.04413452148435226263, 315.73603515625001136868, 314.10528564453125, 316.48635253906252273737, 313.32982177734373863132, 315.07490234375001136868, 315.76340332031247726263, 314.129608154296875, 316.50800781250001136868, 313.34910888671873863132, 315.09202880859373863132, 315.77864990234377273737, 314.1431884765625, 316.52008666992185226263, 313.35983886718747726263, 315.101593017578125, 315.78715820312498863132, 314.1507568359375, 316.52680664062501136868, 313.36583251953123863132, 315.10692749023434089395, 315.79191284179682952526, 314.15496826171875, 316.53057861328125, 313.36918945312498863132, 315.10991210937498863132, 315.79454956054689773737, 314.1573486328125, 316.53265380859375, 313.37105102539061363132, 315.11156005859373863132, 315.79603271484376136868, 314.158660888671875, 316.53383178710936363132, 313.37209472656252273737, 315.11250000000001136868, 315.79683837890627273737, 314.159393310546875, 316.53447265624998863132, 313.37267456054689773737, 315.11298828125001136868, 315.79730834960935226263, 314.1597900390625, 316.53483886718748863132, 313.37298583984375, 315.11329345703126136868, 315.79757080078127273737, 314.160003662109375, 316.53505249023436363132, 313.37316284179689773737, 315.11344604492188636868, 315.79770507812497726263, 314.16015625]
time=[0., 5184000.]
