last-generated=2015-05-29
statistics-simulation={'numerical Jacobians': '0', 'nonlinear': '3', 'number of continuous time states': '3', 'linear': ' '}
simulationTemp=[293.149993896484375, 299.67992553710939773737, 298.33613891601561363132, 301.75065917968748863132, 303.89313354492185226263, 303.553741455078125, 307.10065307617185226263, 304.93109741210935226263, 307.61768798828126136868, 309.11353759765626136868, 308.19873046875, 311.23383789062501136868, 308.60880126953122726263, 310.89006958007814773737, 312.02534179687501136868, 310.789581298828125, 313.53920288085936363132, 310.66014404296873863132, 312.71530761718747726263, 313.64945068359372726263, 312.234710693359375, 314.82509765625002273737, 311.80433349609376136868, 313.73308715820314773737, 314.55536499023435226263, 313.040771484375, 315.54233398437497726263, 312.44254760742188636868, 314.30095214843748863132, 315.06064453124997726263, 313.4903564453125, 315.94239501953126136868, 312.79850463867188636868, 314.61770019531252273737, 315.34249267578127273737, 313.741119384765625, 316.16553344726560226263, 312.9970703125, 314.79436035156248863132, 315.49968261718748863132, 313.881011962890625, 316.28999633789061363132, 313.10781250000002273737, 314.89291992187497726263, 315.58737792968747726263, 313.959014892578125, 316.35941772460938636868, 313.16959228515622726263, 314.94788208007810226263, 315.63627319335938636868, 314.002532958984375, 316.39814453125001136868, 313.20404052734375, 314.97853393554686363132, 315.66354980468747726263, 314.026824951171875, 316.41973876953125, 313.2232666015625, 314.99562988281252273737, 315.67876586914064773737, 314.04034423828125, 316.43219604492185226263, 313.23396606445311363132, 315.00516357421872726263, 315.68724365234373863132, 314.047882080078125, 316.43891601562501136868, 313.23995361328127273737, 315.01046752929681815658, 315.69198608398431815658, 314.052093505859375, 316.44264526367186363132, 313.2432861328125, 315.01342163085939773737, 315.69462280273438636868, 314.054443359375, 316.444732666015625, 313.24512329101560226263, 315.01506958007814773737, 315.69608764648438636868, 314.055755615234375, 316.44588012695311363132, 313.24616088867185226263, 315.01600952148436363132, 315.69689331054689773737, 314.056488037109375, 316.44655151367186363132, 313.24674072265622726263, 315.01652832031248863132, 315.69735107421877273737, 314.056884765625, 316.44690551757810226263, 313.24707641601560226263, 315.01680297851561363132, 315.69762573242189773737, 314.057098388671875, 316.44710083007811363132, 313.24725952148435226263, 315.01695556640623863132, 315.69774780273439773737, 314.0572509765625]
time=[0., 5184000.]
