last-generated=2015-05-29
statistics-simulation={'numerical Jacobians': '0', 'nonlinear': ' ', 'number of continuous time states': '3', 'linear': '2'}
simulationTemp=[293.149993896484375, 302.48793945312502273737, 297.53289184570314773737, 299.90972290039064773737, 305.96026611328125, 301.829071044921875, 308.80496826171872726263, 303.51492919921872726263, 305.57566528320313636868, 311.32675781249997726263, 306.91168212890625, 313.61844482421872726263, 308.074066162109375, 309.89313354492185226263, 315.41638793945310226263, 310.78546142578125, 317.28765258789064773737, 311.549468994140625, 313.18500976562501136868, 318.53446044921872726263, 313.73895263671875, 320.08516845703127273737, 314.19923706054686363132, 315.69484863281252273737, 320.91176757812502273737, 315.990814208984375, 322.21812744140623863132, 316.21953124999998863132, 317.60847167968751136868, 322.72434692382813636868, 317.707733154296875, 323.84436645507810226263, 317.75988159179689773737, 319.06746826171877273737, 324.10631713867189773737, 319.016754150390625, 325.08427124023438636868, 318.93428955078127273737, 320.17988281250001136868, 325.15999755859377273737, 320.01483154296875, 326.0296630859375, 319.829742431640625, 321.02805786132813636868, 325.96339111328126136868, 320.77581787109375, 326.75046997070313636868, 320.51247558593752273737, 321.67475585937501136868, 326.57592163085939773737, 321.356048583984375, 327.30005493164060226263, 321.03304443359377273737, 322.16782836914063636868, 327.04296875, 321.798431396484375, 327.71906738281251136868, 321.42994384765626136868, 322.54376220703125, 327.39905395507810226263, 322.1357421875, 328.03856811523439773737, 321.73255004882810226263, 322.830413818359375, 327.67055664062502273737, 322.392913818359375, 328.28215942382814773737, 321.96328125000002273737, 323.04896850585936363132, 327.87758789062496589395, 322.589019775390625, 328.4678955078125, 322.13922119140625, 323.21559448242186363132, 328.03542480468752273737, 322.738525390625, 328.60950927734376136868, 322.27335815429688636868, 323.34263916015623863132, 328.15575561523439773737, 322.852508544921875, 328.71748657226561363132, 322.3756103515625, 323.43951416015625, 328.24750366210935226263, 322.939422607421875, 328.79981079101560226263, 322.453582763671875, 323.51337280273435226263, 328.31746826171877273737, 323.005706787109375, 328.862579345703125, 322.51304321289063636868, 323.56969604492189773737, 328.37082519531247726263, 323.05621337890625, 328.910430908203125, 322.55836791992186363132, 323.61263427734377273737, 328.41148681640623863132, 323.094757080078125]
time=[0., 5184000.]
