last-generated=2015-05-29
statistics-simulation={'numerical Jacobians': '0', 'nonlinear': '3', 'number of continuous time states': '7', 'linear': ' '}
simulationLoad=[500., 340.62109985351560226263, -400.00322875976564773737, -500., 52.13718261718750568434, -500., -190.87529296874998863132, -500., -500., -155.13186340332032386868, -500., -300.12124023437502273737, -500., -500., -201.39501342773525038865, -500., -322.89471435546875, -500., -500., -211.62233886718749431566, -500., -327.73442382812498863132, -500., -500., -213.45819091796875, -500., -328.53483886718748863132, -500., -500., -214.02221374511719886868, -500., -328.67708740234377273737, -500., -500., -213.95855712890798372428, -500., -328.62193603515623863132, -500., -500., -214.02403564453123863132, -500., -328.78371582031252273737, -500., -500., -213.95211486816407386868, -500., -328.6414794921875, -500., -500., -213.93875732421875568434, -500., -328.70656738281252273737, -500., -500., -213.97915954589842613132, -500., -328.79636840820586485279, -500., -500., -214.06800537109376136868, -500., -328.74498901367189773737, -500., -500., -214.07098388671875, -500., -328.65168457031251136868, -500., -500., -214.11137695312152118277, -500., -328.68931274414063636868, -500., -500., -213.91352233886718181566, -500., -329.01752929687501136868, -500., -500., -213.93039855957030681566, -500., -328.85244140625002273737, -500., -500., -214.26610107421873863132, -500., -328.79953613281247726263, -500., -500., -214.2900390625, -500., -329.14694824218747726263, -500., -500., -214.36449279785156818434, -500., -329.04540405273439773737, -500., -500., -214.03350524902344886868, -500.]
time=[0., 5184000.]
