last-generated=2015-05-29
statistics-simulation={'numerical Jacobians': '0', 'nonlinear': '3', 'number of continuous time states': '3', 'linear': ' '}
simulationTemp=[293.149993896484375, 297.42889404296875, 297.53825683593748863132, 299.91621704101561363132, 300.91554565429686363132, 301.845001220703125, 303.76522216796877273737, 303.53898315429688636868, 305.60026855468748863132, 306.29953613281247726263, 306.94500732421875, 308.59608154296876136868, 308.11473388671873863132, 309.93461914062498863132, 310.40507812499998863132, 310.834014892578125, 312.27984008789064773737, 311.603973388671875, 313.239776611328125, 313.535736083984375, 313.799560546875, 315.08887939453126136868, 314.264678955078125, 315.760101318359375, 315.92302246093748863132, 316.060943603515625, 317.23088989257814773737, 316.293609619140625, 317.68196411132811363132, 317.74344482421872726263, 317.78533935546875, 318.864288330078125, 317.84074096679688636868, 319.14747924804686363132, 319.13157958984373863132, 319.10028076171875, 320.10982666015627273737, 319.02052001953126136868, 320.2650146484375, 320.19011230468748863132, 320.10296630859375, 321.05961914062498863132, 319.92012939453127273737, 321.117156982421875, 320.99730224609373863132, 320.867584228515625, 321.78386230468748863132, 320.60613403320314773737, 321.7669677734375, 321.61279296875, 321.45062255859375, 322.33614501953127273737, 321.12926025390623863132, 322.26250610351564773737, 322.08215942382810226263, 321.895233154296875, 322.75726318359375, 321.52815551757811363132, 322.64033813476561363132, 322.44005737304689773737, 322.2342529296875, 323.078399658203125, 321.83234252929685226263, 322.92847900390626136868, 322.712982177734375, 322.492767333984375, 323.32330322265625, 322.06429443359377273737, 323.148193359375, 322.92109375000001136868, 322.689910888671875, 323.51003417968752273737, 322.24115600585935226263, 323.31572875976564773737, 323.07978515625001136868, 322.840240478515625, 323.65242309570311363132, 322.37602539062498863132, 323.44349975585936363132, 323.2008056640625, 322.954864501953125, 323.76099853515626136868, 322.47888793945310226263, 323.54090576171876136868, 323.29308471679689773737, 323.04229736328125, 323.84379272460938636868, 322.55731201171875, 323.61519165039061363132, 323.36344604492188636868, 323.10894775390625, 323.90692749023435226263, 322.61711425781248863132, 323.671844482421875, 323.41710815429689773737, 323.159759521484375, 323.95507202148439773737, 322.66271362304689773737, 323.715057373046875, 323.45803222656252273737, 323.198516845703125]
time=[0., 5184000.]
