last-generated=2015-05-29
statistics-simulation={'numerical Jacobians': '0', 'nonlinear': '3', 'number of continuous time states': '3', 'linear': ' '}
simulationTemp=[293.149993896484375, 293.94298095703123863132, 292.44578857421873863132, 294.24382324218748863132, 295.9044189453125, 294.983612060546875, 297.49487915039060226263, 295.46437988281252273737, 296.81159667968751136868, 298.0887451171875, 296.841827392578125, 299.07568969726560226263, 296.809112548828125, 297.95560913085938636868, 299.06192626953128410605, 297.669708251953125, 299.77997436523435226263, 297.40823974609372726263, 298.46527709960935226263, 299.49548950195310226263, 298.038543701171875, 300.09375610351560226263, 297.675140380859375, 298.69236450195313636868, 299.68867797851561363132, 298.202880859375, 300.23354492187502273737, 297.79406127929689773737, 298.79351806640625, 299.77473144531251136868, 298.276092529296875, 300.29582519531248863132, 297.84703979492189773737, 298.83858642578127273737, 299.81306762695311363132, 298.3087158203125, 300.32358398437497726263, 297.87064819335938636868, 298.85867919921872726263, 299.83015136718751136868, 298.3232421875, 300.3359375, 297.88117065429685226263, 298.86763305664061363132, 299.83775634765623863132, 298.3297119140625, 300.34145507812502273737, 297.88585205078123863132, 298.87159423828126136868, 299.841156005859375, 298.332611083984375, 300.34389648437502273737, 297.88793334960939773737, 298.87338867187497726263, 299.84266357421876136868, 298.333892822265625, 300.34498291015626136868, 297.88887939453127273737, 298.874176025390625, 299.84333496093751136868, 298.334442138671875, 300.34547119140626136868, 297.88927612304689773737, 298.87451782226560226263, 299.84364013671876136868, 298.334716796875, 300.345703125, 297.88946533203125, 298.87467041015622726263, 299.84376220703120452526, 298.334808349609375, 300.345794677734375, 297.88955078125002273737, 298.874755859375, 299.84382324218751136868, 298.334869384765625, 300.34583740234376136868, 297.88958129882814773737, 298.874786376953125, 299.84385375976563636868, 298.33489990234375, 300.345855712890625, 297.88961181640627273737, 298.87479248046872726263, 299.84385375976563636868, 298.33489990234375, 300.34586791992188636868, 297.88961181640627273737, 298.87479248046872726263, 299.84386596679689773737, 298.33489990234375, 300.34586791992188636868, 297.88961181640627273737, 298.87481689453125, 299.84388427734376136868, 298.33489990234375, 300.34586791992188636868, 297.88961181640627273737, 298.87481689453125, 299.84388427734376136868, 298.33489990234375]
time=[0., 5184000.]
