last-generated=2015-05-29
statistics-simulation={'numerical Jacobians': '0', 'nonlinear': '3', 'number of continuous time states': '3', 'linear': ' '}
simulationTemp=[293.149993896484375, 298.43554077148439773737, 297.089111328125, 299.21271362304685226263, 301.177459716796875, 300.668060302734375, 303.6104736328125, 301.98665161132811363132, 303.85081176757813636868, 305.570404052734375, 304.8287353515625, 307.55098266601561363132, 305.71893920898435226263, 307.38580322265625, 308.91853637695311363132, 307.999847412109375, 310.55444946289060226263, 308.56361694335936363132, 310.08006591796873863132, 311.470367431640625, 310.416748046875, 312.843597412109375, 310.73175659179685226263, 312.13356933593752273737, 313.415283203125, 312.25885009765625, 314.58830566406248863132, 312.38422241210935226263, 313.69867553710935226263, 314.89766235351561363132, 313.662841796875, 315.91807250976563636868, 313.64368286132810226263, 314.89155883789061363132, 316.02747192382815910605, 314.732940673828125, 316.93157958984375, 314.603607177734375, 315.80073242187501136868, 316.888580322265625, 315.54852294921875, 317.70405883789061363132, 315.33524169921872726263, 316.49366455078126136868, 317.54490356445313636868, 316.170135498046875, 318.29281005859377273737, 315.89287719726564773737, 317.02182617187497726263, 318.04512939453127273737, 316.6439208984375, 318.74154052734377273737, 316.31788330078126136868, 317.42435302734372726263, 318.42637939453123863132, 317.0050048828125, 319.08354492187498863132, 316.64179687500001136868, 317.73115844726561363132, 318.71696166992188636868, 317.28021240234375, 319.34420166015627273737, 316.88869018554686363132, 317.96499023437502273737, 318.93842163085935226263, 317.489990234375, 319.54288330078122726263, 317.07684936523435226263, 318.14320678710936363132, 319.10722656249998863132, 317.649871826171875, 319.69431152343747726263, 317.22026977539064773737, 318.279052734375, 319.23588867187498863132, 317.771728515625, 319.809722900390625, 317.32957763671873863132, 318.38258056640626136868, 319.33394775390627273737, 317.864593505859375, 319.89768066406247726263, 317.41289062499998863132, 318.46147460937498863132, 319.40867309570313636868, 317.93536376953125, 319.9647216796875, 317.47638549804685226263, 318.52161254882810226263, 319.46564331054685226263, 317.98931884765625, 320.01582641601561363132, 317.52478637695310226263, 318.56744995117185226263, 319.50905151367186363132, 318.030426025390625, 320.05476684570311363132, 317.56168212890622726263, 318.60239257812497726263, 319.54213867187502273737, 318.061767578125]
time=[0., 5184000.]
