last-generated=2015-05-29
statistics-simulation={'numerical Jacobians': '0', 'nonlinear': '3', 'number of continuous time states': '2', 'linear': ' '}
simulationLoad=[-8.81963253021240234375, 321.33193359375002273737, -413.70459594726560226263, -840.53078613281252273737, 94.27022705078124431566, -807.0389404296875, -115.35951843261719318434, -659.93984374999956799002, -974.3809814453125, 49.33471145629883380934, -788.71051025390625, -111.68044738769530965783, -645.19483642578120452526, -965.59504394531245452526, 54.02880935668819972761, -786.195556640625, -110.26645202636719034217, -644.4328613281240905053, -965.18453369140627273737, 54.2631378173828125, -786.06842041015625, -110.19500427246093465783, -644.39403076171879547474, -965.16362304687504547474, 54.27507781982421875, -786.06195068359375, -110.19136810302734375, -644.39205322265627273737, -965.16257324218486246536, 54.27568740844726846717, -786.0616455078125, -110.19118041992187784217, -644.39193115234377273737, -965.16251220703122726263, 54.27571792602289235674, -786.06158447265625, -110.19116973876953125, -644.39193115234377273737, -965.16251220703122726263, 54.27572021484375142109, -786.06158447265625, -110.19116973876953125, -644.39193115234377273737, -965.16251220703122726263, 54.27572021484375142109, -786.06158447265625, -110.19116973876953125, -644.39193115234377273737, -965.16251220703122726263, 54.27572021484375142109, -786.06158447265625, -110.19116973876953125, -644.39193115234377273737, -965.16251220703122726263, 54.27572021484375142109, -786.06158447265625, -110.1911697387734534459, -644.39193115234729702934, -965.16251220703122726263, 54.27572021484375142109, -786.06158447265625, -110.19116973876953125, -644.39193115234377273737, -965.16251220703122726263, 54.27572021484375142109, -786.06158447265625, -110.19116973876953125, -644.39193115234377273737, -965.1625122070259976681, 54.27572021484874653652, -786.06158447265625, -110.19116973876953125, -644.39193115234377273737, -965.16251220703122726263, 54.27572021484375142109, -786.06158447265625, -110.19116973876953125, -644.39193115234377273737, -965.16251220703122726263, 54.27572021484375142109, -786.06158447265625, -110.19116973876953125, -644.39193115234377273737, -965.16251220703122726263, 54.27572021484375142109, -786.06158447265625, -110.19116973876953125, -644.39193115234377273737, -965.16251220703122726263, 54.27572021484375142109, -786.06158447265625, -110.19116973876953125, -644.39193115234377273737, -965.16251220703122726263, 54.27572021484375142109, -786.06158447265625, -110.19116973876953125, -644.39193115234377273737, -965.16251220703122726263, 54.27572021484375142109, -786.06158447265625]
time=[0., 5184000.]
