last-generated=2015-06-08
statistics-simulation={'numerical Jacobians': '0', 'nonlinear': '3', 'number of continuous time states': '7', 'linear': ' '}
simulationLoad=[500., 340.649444580078125, -399.98806152343752273737, -500., 52.11155853271483806566, -500., -191.00310058593748863132, -500., -500., -154.91751403808592613132, -500., -300.08348999023439773737, -500., -500., -201.82011718750089812602, -500., -322.65813598632814773737, -500., -500., -211.20512695312498863132, -500., -327.43712158203123863132, -500., -500., -212.9869537353515625, -500., -328.430572509765625, -500., -500., -213.66679687499998863132, -500., -328.64073486328123863132, -500., -500., -213.6650878906267507773, -500., -328.670928955078125, -500., -500., -213.83058471679686363132, -500., -328.70272216796877273737, -500., -500., -213.81166381835936363132, -500., -328.69768066406248863132, -500., -500., -214.0761566162109375, -500., -328.87558593749997726263, -500., -500., -214.09910278320313636868, -500., -328.85360717773710348411, -500., -500., -214.24421386718751136868, -500., -328.78888549804685226263, -500., -500., -214.06116943359376136868, -500., -328.76134643554689773737, -500., -500., -214.19125061034807799842, -500., -328.96413574218752273737, -500., -500., -214.023345947265625, -500., -328.73546142578123863132, -500., -500., -213.85399780273436931566, -500., -328.83836669921873863132, -500., -500., -213.94403381347655113132, -500., -328.75014648437502273737, -500., -500., -214.38608398437500568434, -500., -328.95574951171875, -500., -500., -214.11003417968748863132, -500., -328.84168090820310226263, -500., -500., -214.42482604980469318434, -500.]
time=[0., 5184000.]
