last-generated=2013-11-21
vol.T=[293.14999389648437500000, 294.75781247677377905347, 296.24591060150305565912, 297.62268050528297180790, 298.89465324687085967525, 300.06536865234375000000, 301.14706395992885745727, 302.14099132391470448056, 303.05587758039132495469, 303.89553852027125913082, 304.66641235351562500000, 305.37292464210605658081, 306.02041596167111947580, 306.61422756376714460202, 307.15948498689988355181, 307.66030883789062500000, 308.11697377185180357628, 308.53567485594345498612, 308.92053240125738966526, 309.27435310676088420223, 309.59609985351562500000, 309.89151027766661172791, 310.16369616333383874007, 310.41452037594001467369, 310.64193704631156833784, 310.85079956054687500000, 311.04342668902262403208, 311.22106925510155406300, 311.38192756306676756139, 311.52966294973145977565, 311.66580200195312500000, 311.79125987782038009755, 311.90490717424830791060, 312.00921635588753133561, 312.10525503818638526354, 312.19384765625000000000, 312.27459724101942128982, 312.34872433103731736992, 312.41677859523048255141, 312.47921747167123385225, 312.53659057617187500000, 312.58914189328794464018, 312.63720711797947160449, 312.68115226225921787773, 312.72183223784662686739, 312.75930786132812500000, 312.79385379105229958441, 312.82571416924480445232, 312.85519403708161689792, 312.88241574630956165493, 312.90759277343750000000, 312.93054201183258555830, 312.95031741802819169607, 312.96807858097594134961, 312.98403929208870977163, 312.99835205078125000000, 313.01113892751163803041, 313.02261354576330631971, 313.03292844787938520312, 313.04257201129803434014, 313.05291748046875000000, 313.06240845585125498474, 313.07107545487815514207, 313.07888792519224807620, 313.08587645858642645180, 313.09204101562500000000, 313.09735107887536287308, 313.10208130930550396442, 313.10736083023948594928, 313.11215209524380043149, 313.11645507812500000000, 313.12026977888308465481, 313.12362671480514109135, 313.12646483880234882236, 313.12881469522835686803, 313.13085937500000000000, 313.13330078343278728426, 313.13549805094953626394, 313.13745116838254034519, 313.13916015464928932488, 313.14059448242187500000, 313.14175414631620242290, 313.14266967948054798399, 313.14346313272841371145, 313.14468384254712418624, 313.14584350585937500000, 313.14691161760134718861, 313.14791870291804798399, 313.14883422706049032058, 313.14968872361345120225, 313.15045166015625000000, 313.15112304454675040688, 313.15173339960165321827, 313.15225219639251008630, 313.15270996210165321827, 313.15307617187500000000, 313.15335082949604839087, 313.15356445341603830457, 313.15368652343750000000, 313.15371703985147178173, 313.15341186523437500000]
time=[0.00000000000000000000, 10.00000000000000000000]
