last-generated=2015-05-29
statistics-simulation={'numerical Jacobians': '0', 'nonlinear': ' ', 'number of continuous time states': '3', 'linear': '2'}
simulationTemp=[293.149993896484375, 306.56914672851564773737, 299.46995239257813636868, 303.71921386718747726263, 312.34494628906247726263, 306.4818115234375, 316.73055419921877273737, 308.56616821289060226263, 311.86845703124998863132, 319.64033813476561363132, 313.015869140625, 322.58110961914064773737, 313.80416259765627273737, 316.55840454101564773737, 323.83931884765627273737, 316.778167724609375, 325.95065917968747726263, 316.82185058593751136868, 319.2620849609375, 326.25997314453127273737, 318.947052001953125, 327.89312133789064773737, 318.56147460937501136868, 320.82066040039063636868, 327.6553955078125, 320.19732666015625, 329.01289672851561363132, 319.56365966796875, 321.71564331054685226263, 328.45866088867188636868, 320.9163818359375, 329.65687866210936363132, 320.14038696289060226263, 322.23236083984375, 328.92127685546876136868, 321.330841064453125, 330.02810058593752273737, 320.472808837890625, 322.530181884765625, 329.18793334960935226263, 321.56976318359375, 330.24207153320310226263, 320.66444702148436363132, 322.70187988281247726263, 329.34162597656251136868, 321.70745849609375, 330.36539306640622726263, 320.77488403320313636868, 322.80082397460938636868, 329.43022460937498863132, 321.786834716796875, 330.436492919921875, 320.83854980468748863132, 322.85786743164061363132, 329.48130493164063636868, 321.832611083984375, 330.47747802734375, 320.87525634765626136868, 322.8907470703125, 329.51072998046873863132, 321.858978271484375, 330.50108642578123863132, 320.89640502929688636868, 322.909698486328125, 329.52770385742189773737, 321.874176025390625, 330.51470947265625, 320.908599853515625, 322.92062988281247726263, 329.5374755859375, 321.8829345703125, 330.52255859374997726263, 320.91563110351563636868, 322.92694091796875, 329.54311523437502273737, 321.88800048828125, 330.52707519531247726263, 320.91966552734373863132, 322.93056640625002273737, 329.54636230468747726263, 321.890899658203125, 330.52968750000002273737, 320.92201538085936363132, 322.93264160156252273737, 329.54824218750002273737, 321.892578125, 330.53118286132814773737, 320.92336425781252273737, 322.93385620117186363132, 329.54932250976560226263, 321.8935546875, 330.53205566406251136868, 320.92412719726564773737, 322.93455810546873863132, 329.54993286132810226263, 321.89410400390625, 330.53255615234377273737, 320.92458496093752273737, 322.93495483398436363132, 329.55029907226560226263, 321.8944091796875]
time=[0., 5184000.]
