last-generated=2014-04-07
del.T=[283.14999389648437500000, 283.51409912109375000000, 283.96209716796875000000, 284.39038085937500000000, 284.79962158203125000000, 285.19058227539062500000, 285.56393432617187500000, 285.92047119140625000000, 286.26080322265625000000, 286.58557128906250000000, 286.89547729492187500000, 287.19119262695312500000, 287.47332763671875000000, 287.74252319335937500000, 287.99923706054687500000, 288.24414062500000000000, 288.47763061523437500000, 288.70031738281250000000, 288.91259765625000000000, 289.11502075195312500000, 289.30795288085937500000, 289.49188232421875000000, 289.66714477539062500000, 289.83416748046875000000, 289.99331665039062500000, 290.14492797851562500000, 290.28936767578125000000, 290.42697143554687500000, 290.55804443359375000000, 290.68286132812500000000, 290.80175781250000000000, 290.91500854492187500000, 291.02282714843750000000, 291.12551879882812500000, 291.22329711914062500000, 291.31637573242187500000, 291.40502929687500000000, 291.48941040039062500000, 291.56976318359375000000, 291.64624023437500000000, 291.71905517578125000000, 291.78839111328125000000, 291.85433959960937500000, 291.91714477539062500000, 291.97692871093750000000, 292.03381347656250000000, 292.08795166015625000000, 292.13949584960937500000, 292.18853759765625000000, 292.23519897460937500000, 292.27960205078125000000, 292.32183837890625000000, 292.36206054687500000000, 292.40029907226562500000, 292.43670654296875000000, 292.47134399414062500000, 292.50433349609375000000, 292.53567504882812500000, 292.56552124023437500000, 292.59390258789062500000, 292.62091064453125000000, 292.64663696289062500000, 292.67111206054687500000, 292.69439697265625000000, 292.71655273437500000000, 292.73760986328125000000, 292.75765991210937500000, 292.77673339843750000000, 292.79489135742187500000, 292.81216430664062500000, 292.82861328125000000000, 292.84426879882812500000, 292.85916137695312500000, 292.87332153320312500000, 292.88677978515625000000, 292.89959716796875000000, 292.91180419921875000000, 292.92340087890625000000, 292.93444824218750000000, 292.94494628906250000000, 292.95492553710937500000, 292.96444702148437500000, 292.97348022460937500000, 292.98208618164062500000, 292.99026489257812500000, 292.99804687500000000000, 293.00543212890625000000, 293.01248168945312500000, 293.01916503906250000000, 293.02554321289062500000, 293.03158569335937500000, 293.03735351562500000000, 293.04284667968750000000, 293.04806518554687500000, 293.05303955078125000000, 293.05773925781250000000, 293.06225585937500000000, 293.06652832031250000000, 293.07058715820312500000, 293.07446289062500000000, 293.07815551757812500000]
time=[0.00000000000000000000, 300.00000000000000000000]
