within AixLib.Systems.Benchmark.BenchmarkModel_reworked_TestModularization;
model ReducedOrder

   extends Modelica.Icons.Example;
 AixLib.ThermalZones.ReducedOrder.RC.FourElements   fourElements(
    VAir={1800,2700,150,300,4050},
    hRad={5,5,5,5,5},
    nOrientations={2,2,2,2,2},
    gWin={1,1,1,1,1},
    AFloor={{600},{900},{50},{100},{1500}},
    hConvFloor={{2.5},{2.5},{2.5},{2.5},{2.5}},
    RFloor={{1.5,0.1087,1.1429,0.0429},{1.5,0.1087,1.1429,0.0429},{1.5,0.1087,
        1.1429,0.0429},{1.5,0.1087,1.1429,0.0429},{1.5,0.1087,1.1429,0.0429}},
    RFloorRem={{0},{0},{0},{0},{0}},
    ARoof={{600},{900},{50},{100},{1500}},
    hConvRoof={{2.5},{2.5},{2.5},{2.5},{2.5}},
    nFloor={{4},{4},{4},{4},{4}},
    CFloor={{8400,575000,4944,120000},{8400,575000,4944,120000},{8400,575000,
        4944,120000},{8400,575000,4944,120000},{8400,575000,4944,120000}},
    hConvExt={{2.5},{2.5},{2.5},{2.5},{2.5}},
    nExt={{4},{4},{4},{4},{4}},
    RExtRem={{0},{0},{0},{0},{0}},
    hConvInt={{2.5},{2.5},{2.5},{2.5},{2.5}},
    nInt={{2},{2},{2},{2},{2}},
    RExt={{0.05,2.857,0.48,0.0294},{0.05,2.857,0.48,0.0294},{0.05,2.857,0.48,
        0.0294},{0.05,2.857,0.48,0.0294},{0.05,2.857,0.48,0.0294}},
    CExt={{1000,1030,1000,1000},{1000,1030,1000,1000},{1000,1030,1000,1000},{
        1000,1030,1000,1000},{1000,1030,1000,1000}},
    RInt={{0.175,0.0294},{0.175,0.0294},{0.175,0.0294},{0.175,0.0294},{0.175,
        0.0294}},
    CInt={{1000,1000},{1000,1000},{1000,1000},{1000,1000},{1000,1000}},
    hConvWin={{1.3},{1.3},{1.3},{1.3},{1.3}},
    RWin={{0.01642857143},{0.01642857143},{0.01642857143},{0.01642857143},{
        0.01642857143}},
    ratioWinConRad={{0.9},{0.9},{0.9},{0.9},{0.9}},
    AWin={{40,0,40,0},{60,0,60,60},{20,0,0,0},{0,0,40,0},{80,60,60,0}},
    ATransparent={{32,0,32,0},{48,0,48,48},{16,0,0,0},{0,0,32,0},{64,48,48,0}})
    annotation (Placement(transformation(extent={{-21,-23},{33,23}})));

  annotation ();
end ReducedOrder;
