within AixLib.Systems.EONERC_MainBuilding.BaseClasses;
record ASHRAE140_600 "Record for ASHRAE140 Testcase 600"
  extends AixLib.DataBase.ThermalZones.ZoneBaseRecord(
    T_start=290.65,
    withAirCap = true,
    VAir=129.60000000000002,
    AZone=48.0,
    hRad=5.13,
    lat=0.69394291059295,
    nOrientations=4,
    AWin={12.0,0.0,0.0,0.0},
    ATransparent={12.0,0.0,0.0,0.0},
    hConWin=3.16,
    RWin=0.0133333333333,
    gWin=0.789,
    UWin=3.046492744695893,
    ratioWinConRad=0.03,
    AExt={9.600000000000001,16.200000000000003,21.6,16.200000000000003},
    hConExt=3.160000000000001,
    nExt=1,
    RExt={0.000401763119801},
    RExtRem=0.0277316600608,
    CExt={620991.387295},
    AInt=48.0,
    hConInt=4.130000000000001,
    nInt=1,
    RInt={0.00123677311011},
    CInt={935138.308506},
    AFloor=0.0,
    hConFloor=4.130000000000001,
    nFloor=1,
    RFloor={0.17413196439},
    RFloorRem=0.348263868943,
    CFloor={0.0902868158636},
    ARoof=48.0,
    hConRoof=1.0,
    nRoof=1,
    RRoof={0.000550791436374},
    RRoofRem=0.061807839516,
    CRoof={381586.716241},
    nOrientationsRoof=1,
    tiltRoof={0.0},
    aziRoof={0-0.0},
    wfRoof={1.0},
    aRoof=0.6,
    aExt=0.6,
    TSoil=285.15,
    hConWallOut=24.670000000000005,
    hRadWall=4.63,
    hConWinOut=16.37,
    hConRoofOut=24.670000000000005,
    hRadRoof=4.63,
    tiltExtWalls={1.5707963267949,1.5707963267949,1.5707963267949,1.5707963267949},
    aziExtWalls={0,1.5707963267949,3.1415926535898,-1.5707963267949},
    wfWall={0.15094339622641512,0.25471698113207547,0.33962264150943394,0.25471698113207547},
    wfWin={1.0,0.0,0.0,0.0},
    wfGro=0.0,
    specificPeople=0.07143,
    activityDegree=1.2,
    fixedHeatFlowRatePersons=1.25,
    ratioConvectiveHeatPeople=0.5,
    internalGainsMoistureNoPeople=0.5,
    internalGainsMachinesSpecific=0.2,
    ratioConvectiveHeatMachines=0.6,
    lightingPowerSpecific=4.2,
    ratioConvectiveHeatLighting=0.6,
    useConstantACHrate=false,
    baseACH=0.2,
    maxUserACH=1,
    maxOverheatingACH={3.0,2.0},
    maxSummerACH={1.0,283.15,290.15},
    winterReduction={0.2,273.15,283.15},
    maxIrr = {100,100,100,100},
    shadingFactor = {0.15,0.15,0.15,0.15},
    withAHU = false,
    minAHU = 0.3,
    maxAHU = 0.6,
    hHeat = 191800.63728053414,
    lHeat = 0,
    KRHeat = 100,
    TNHeat = 50,
    HeaterOn = false,
    hCool = 0,
    lCool = -191800.63728053414,
    heaLoadFacOut=0,
    heaLoadFacGrd=0,
    KRCool = 10000,
    TNCool = 1,
    CoolerOn = false,
    withIdealThresholds = false,
    TThresholdHeater = 288.15,
    TThresholdCooler = 295.15);
end ASHRAE140_600;
