within AixLib.Systems.EONERC_MainBuilding.BaseClasses;
record ASHRAE140_900
   "Record for ASHRAE140 Testcase 900."
  extends AixLib.DataBase.ThermalZones.ZoneBaseRecord(
    T_start=293,
    VAir=129.60000000000002,
    AZone=48.0,
    hRad=5.13,
    lat=0.69394291059295,
    nOrientations=4,
    AWin={12.0,0.0,0.0,0.0},
    ATransparent={12.0,0.0,0.0,0.0},
    hConWin=3.16,
    RWin=0.0133333333333,
    gWin=0.789,
    UWin=3.046492744695893,
    ratioWinConRad=0.03,
    AExt={9.600000000000001,16.200000000000003,21.6,16.200000000000003},
    hConExt=3.160000000000001,
    nExt=1,
    RExt={0.000985315078012},
    RExtRem=Modelica.Constants.inf,
    CExt={8775985.69078},
    AInt=48.0,
    hConInt=4.130000000000001,
    nInt=1,
    RInt={0.000491103488785},
    CInt={5373300.22817},
    AFloor=48.0,
    hConFloor=4.130000000000001,
    nFloor=1,
    RFloor={0.17413196439},
    RFloorRem=0.348263868943,
    CFloor={0.0902868158636},
    ARoof=48.0,
    hConRoof=1.0,
    nRoof=1,
    RRoof={0.000550791436374},
    RRoofRem=0.061807839516,
    CRoof={381586.716241},
    nOrientationsRoof=1,
    tiltRoof={0},
    aziRoof={0},
    wfRoof={1},
    aRoof=0.6,
    aExt=0.6,
    TSoil=285.15,
    hConWallOut=24.670000000000005,
    hRadWall=4.63,
    hConWinOut=16.37,
    hConRoofOut=24.670000000000005,
    hRadRoof=4.63,
    tiltExtWalls={1.5707963267949,1.5707963267949,1.5707963267949,1.5707963267949},
    aziExtWalls={0,1.5707963267949,3.1415926535898,-1.5707963267949},
    wfWall={0.15094339622641512,0.25471698113207547,0.33962264150943394,0.25471698113207547},
    wfWin={1.0,0.0,0.0,0.0},
    wfGro=0,
    specificPeople=1/14,
    activityDegree=1.2,
    fixedHeatFlowRatePersons=125/100,
    ratioConvectiveHeatPeople=0.5,
    internalGainsMoistureNoPeople=0.5,
    internalGainsMachinesSpecific=20/100,
    ratioConvectiveHeatMachines=0.6,
    lightingPowerSpecific=420/100,
    ratioConvectiveHeatLighting=0.6,
    useConstantACHrate=false,
    baseACH=0.2,
    maxUserACH=1,
    maxOverheatingACH={3.0,2.0},
    maxSummerACH={1.0,273.15 + 10,273.15 + 17},
    winterReduction={0.2,273.15,273.15 + 10},
    withAHU=false,
    minAHU=0,
    maxAHU=12,
    maxIrr = {100,100,100,100},
    shadingFactor = {1,1,1,1},
    hHeat=167500,
    lHeat=0,
    KRHeat=1000,
    TNHeat=1,
    HeaterOn=false,
    hCool=0,
    lCool=-1,
    KRCool=1000,
    TNCool=1,
    CoolerOn=false,
        TThresholdHeater=273.15 + 15,
    TThresholdCooler=273.15 + 22,
    withIdealThresholds=false);
  annotation (Documentation(revisions="<html><ul>
  <li>
    <i>March 20, 2020 by Philipp Mehrfeld:</i><br/>
    <a href=\"https://github.com/RWTH-EBC/AixLib/issues/879\">#879</a>
    Implement dummy zone record to assign this record as default
    parameter value, where unavoidable.
  </li>
</ul>
</html>"));
end ASHRAE140_900;
