last-generated=2014-04-07
res.m_flow=[0.00006962787301745266, 0.00006962787301745266, 0.00006962787301745266, 0.00006962787301745266, 0.00006962787301745266, 0.00006962787301745266, 0.00006962787301745266, 0.00006962787301745266, 0.00006962787301745266, 0.00006962787301745266, 0.00006962787301745266, 0.00006962787301745266, 0.00006962787301745266, 0.00006962787301745266, 0.00006962787301745266, 0.00006962787301745266, 0.00006962787301745266, 0.00006962787301745266, 0.00006962787301745266, 0.00006962787301745266, 0.00006962787301745266, 0.00079104088422644729, 0.00561640545102988758, 0.02490215117725174190, 0.06865414875648780113, 0.11736553162336349487, 0.15787975485987193469, 0.20876816003217521511, 0.26659574410503950048, 0.31839085896159147193, 0.37270208265120630120, 0.43627793964323013931, 0.51069867495187781792, 0.59781384234807921629, 0.69978948527610007613, 0.81916018192246065066, 0.95889284800825169697, 1.12246171282191409269, 1.31393228065379763514, 1.53627847117933202803, 1.78740366522536064942, 2.06873737580071725972, 2.38186903726164755923, 2.72809837361132689892, 3.10836634658634203277, 3.52317456671946160895, 3.97251710397826451882, 4.45581728258109954766, 4.97185907533057136476, 5.51873964439181374786, 6.09383821487426757812, 6.09383821487426757812, 6.09383821487426757812, 6.09383821487426757812, 6.09383821487426757812, 6.09383821487426757812, 6.09383821487426757812, 6.09383821487426757812, 6.09383821487426757812, 6.09383821487426757812, 6.09383821487426757812, 6.09383821487426757812, 6.09383821487426757812, 6.09383821487426757812, 6.09383821487426757812, 6.09383821487426757812, 6.09383821487426757812, 6.09383821487426757812, 6.09383821487426757812, 6.09383821487426757812, 6.09383821487426757812, 6.09383821487426757812, 6.09383821487426757812, 6.09383821487426757812, 6.09383821487426757812, 6.09383821487426757812, 6.09383821487426757812, 6.09383821487426757812, 6.09383821487426757812, 6.09383821487426757812, 6.09383821487426757812, 6.09383821487426757812, 6.09383821487426757812, 6.09383821487426757812, 6.09383821487426757812, 6.09383821487426757812, 6.09383821487426757812, 6.09383821487426757812, 6.09383821487426757812, 6.09383821487426757812, 6.09383821487426757812, 6.09383821487426757812, 6.09383821487426757812, 6.09383821487426757812, 6.09383821487426757812, 6.09383821487426757812, 6.09383821487426757812, 6.09383821487426757812, 6.09383821487426757812, 6.09383821487426757812, 6.09383821487426757812]
time=[0.00000000000000000000, 1.00000000000000000000]
